00000000 00000000
00000001 00000000
00000010 00000000
00000011 00000000
00000100 00000000
00000101 00000000
00000110 00000000
00000111 00000000
00001000 00000000
00001001 00000000
00001010 00000000
00001011 00000000
00001100 00000000
00001101 00000000
00001110 00000000
00001111 00000000
00010000 00000000
00010001 00000000
00010010 00000000
00010011 00000000
00010100 00000000
00010101 00000000
00010110 00000000
00010111 00000000
00011000 00000000
00011001 00000000
00011010 00000000
00011011 00000000
00011100 00000000
00011101 00000000
00011110 00000000
00011111 00000000
00100000 00000000
00100001 00000000
00100010 00000000
00100011 00000000
00100100 00000000
00100101 00000000
00100110 00000000
00100111 00000000
00101000 00000000
00101001 00000000
00101010 00000000
00101011 00000000
00101100 00000000
00101101 00000000
00101110 00000000
00101111 00000000
00110000 00000000
00110001 00000000
00110010 00000000
00110011 00000000
00110100 00000000
00110101 00000000
00110110 00000000
00110111 00000000
00111000 00000000
00111001 00000000
00111010 00000000
00111011 00000000
00111100 00000000
00111101 00000000
00111110 00000000
00111111 00000000
01000000 00000000
01000001 00000000
01000010 00000000
01000011 00000000
01000100 00000000
01000101 00000000
01000110 00000000
01000111 00000000
01001000 00000000
01001001 00000000
01001010 00000000
01001011 00000000
01001100 00000000
01001101 00000000
01001110 00000000
01001111 00000000
01010000 00000000
01010001 00000000
01010010 00000000
01010011 00000000
01010100 00000000
01010101 00000000
01010110 00000000
01010111 00000000
01011000 00000000
01011001 00000000
01011010 00000000
01011011 00000000
01011100 00000000
01011101 00000000
01011110 00000000
01011111 00000000
01100000 00000000
01100001 00000000
01100010 00000000
01100011 00000000
01100100 00000000
01100101 00000000
01100110 00000000
01100111 00000000
01101000 00000000
01101001 00000000
01101010 00000000
01101011 00000000
01101100 00000000
01101101 00000000
01101110 00000000
01101111 00000000
01110000 00000000
01110001 00000000
01110010 00000000
01110011 00000000
01110100 00000000
01110101 00000000
01110110 00000000
01110111 00000000
01111000 00000000
01111001 00000000
01111010 00000000
01111011 00000000
01111100 00000000
01111101 00000000
01111110 00000000
10000000 11111111
10000001 00000000
10000010 00000000
10000011 00000000
10000100 00000000
10000101 00000000
10000110 11111111
10000111 00000000
10001000 11111111
10001001 00000000
10001010 00000000
10001011 11111111
10001100 00000000
10001101 11111111
10001110 11111111
10001111 00000000
10010000 11111111
10010001 00000000
10010010 11111111
10010011 00000000
10010100 11111111
10010101 00000000
10010110 11111111
10010111 00000000
10011000 11111111
10011001 00000000
10011010 11111111
10011011 11111111
10011100 11111111
10011101 11111111
10011110 11111111
10011111 00000000
10100000 11111111
10100001 11111111
10100010 00000000
10100011 00000000
10100100 11111111
10100101 11111111
10100110 00000000
10100111 00000000
10101000 11111111
10101001 11111111
10101010 00000000
10101011 11111111
10101100 11111111
10101101 11111111
10101110 00000000
10101111 00000000
10110000 11111111
10110001 11111111
10110010 11111111
10110011 00000000
10110100 11111111
10110101 11111111
10110110 00000000
10110111 00000000
10111000 11111111
10111001 11111111
10111010 11111111
10111011 11111111
10111100 11111111
10111101 11111111
10111110 00000000
10111111 00000000
11000000 11111111
11000001 00000000
11000010 00000000
11000011 00000000
11000100 00000000
11000101 00000000
11000110 11111111
11000111 11111111
11001000 11111111
11001001 00000000
11001010 00000000
11001011 11111111
11001100 00000000
11001101 11111111
11001110 11111111
11001111 11111111
11010000 11111111
11010001 00000000
11010010 11111111
11010011 00000000
11010100 11111111
11010101 00000000
11010110 11111111
11010111 11111111
11011000 11111111
11011001 00000000
11011010 11111111
11011011 11111111
11011100 11111111
11011101 11111111
11011110 11111111
11011111 11111111
11100000 11111111
11100001 11111111
11100010 00000000
11100011 00000000
11100100 11111111
11100101 11111111
11100110 00000000
11100111 11111111
11101000 11111111
11101001 11111111
11101010 00000000
11101011 11111111
11101100 11111111
11101101 11111111
11101110 00000000
11101111 11111111
11110000 11111111
11110001 11111111
11110010 11111111
11110011 00000000
11110100 11111111
11110101 11111111
11110110 00000000
11110111 11111111
11111000 11111111
11111001 11111111
11111010 11111111
11111011 11111111
11111100 11111111
11111101 11111111
11111110 00000000
11111111 11111111
