10000000 10000000
10000001 10000000
10000010 10000000
10000011 10000000
10000100 10000000
10000101 10000000
10000110 10000000
10000111 10000000
10001000 10000000
10001001 10000000
10001010 10000000
10001011 10000000
10001100 10000000
10001101 10000000
10001110 10000000
10001111 10000000
10010000 10000000
10010001 10000000
10010010 10000000
10010011 10000000
10010100 10000000
10010101 10000000
10010110 10000000
10010111 10000000
10011000 10000000
10011001 10000000
10011010 10000000
10011011 10000000
10011100 10000000
10011101 10000000
10011110 10000000
10011111 10000000
10100000 10000000
10100001 10000000
10100010 10000000
10100011 10000000
10100100 10000000
10100101 10000000
10100110 10000000
10100111 10000000
10101000 10000000
10101001 10000000
10101010 10000000
10101011 10000000
10101100 10000000
10101101 10000000
10101110 10000000
10101111 10000000
10110000 10000000
10110001 10000000
10110010 10000000
10110011 10000000
10110100 10000000
10110101 10000000
10110110 10000000
10110111 10000000
10111000 10000000
10111001 10000000
10111010 10000000
10111011 10000000
10111100 10000000
10111101 10000000
10111110 10000000
10111111 10000000
11000000 10000000
11000001 10000000
11000010 10000000
11000011 10000000
11000100 10000000
11000101 10000000
11000110 10000000
11000111 10000000
11001000 10000000
11001001 10000000
11001010 10000000
11001011 10000000
11001100 10000000
11001101 10000000
11001110 10000000
11001111 10000000
11010000 10000000
11010001 10000000
11010010 10000000
11010011 10000000
11010100 10000000
11010101 10000000
11010110 10000000
11010111 10000000
11011000 10000000
11011001 10000000
11011010 10000000
11011011 10000000
11011100 10000000
11011101 10000000
11011110 10000000
11011111 10000000
11100000 10000000
11100001 10000000
11100010 10000000
11100011 10000000
11100100 10000000
11100101 10000000
11100110 10000000
11100111 10000000
11101000 10000000
11101001 10000000
11101010 10000000
11101011 10000000
11101100 10000000
11101101 10000000
11101110 10000000
11101111 10000000
11110000 10000000
11110001 10000000
11110010 10000000
11110011 10000000
11110100 10000000
11110101 10000000
11110110 10000000
11110111 10000000
11111000 10000000
11111001 10000000
11111010 10000000
11111011 10000000
11111100 10000000
11111101 10000000
11111110 10000000
11111111 10000000
01000001 01000000
01000010 01000000
01000011 01000000
01000100 01000000
01000101 01000000
01000110 01000000
01000111 01000000
01001000 01001000
01001010 01001000
01001011 01001000
01001100 01001000
01001101 01001000
01001110 01001000
01001111 01001000
01010000 01010000
01010001 01010000
01010011 01010000
01010100 01010000
01010101 01010000
01010110 01010000
01010111 01010000
01011000 01011000
01011001 01011000
01011010 01011000
01011011 01011000
01011100 01011000
01011101 01011000
01011110 01011000
01011111 01011000
01101000 01101000
01101001 01101000
01101010 01101000
01101011 01101000
01101100 01101000
01101101 01101000
01101110 01101000
01101111 01101000
01110000 01110000
01110001 01110000
01110010 01110000
01110011 01110000
01110100 01110000
01110101 01110000
01110110 01110000
01110111 01110000
01111000 01111000
01111001 01111000
01111010 01111000
01111011 01111000
01111100 01111000
01111101 01111000
01111110 01111000
01000000 01000000
01001001 01001000
01010010 01011000
01111111 01111000
00000100 01010000
01100000 00000000
01100001 00000000
01100010 00000000
01100011 00000000
01100100 00000000
01100101 00000000
01100110 00000000
01100111 00000000
00001000 01000000
00001001 01001000
00001010 01010000
00001011 01011000
00001101 01101000
00001110 01110000
00001111 01111000
00010000 01000000
00010001 01001000
00010010 01010000
00010011 01011000
00010101 01101000
00010110 01110000
00010111 01111000
00011000 01000000
00011001 01001000
00011010 01010000
00011011 01011000
00011101 01101000
00011110 01110000
00011111 01111000
00100000 01000000
00100001 01001000
00100010 01010000
00100011 01011000
00100101 01101000
00100110 01110000
00100111 01111000
00101000 01000000
00101001 01001000
00101010 01010000
00101011 01011000
00101101 01101000
00101110 01110000
00101111 01111000
00110000 00000000
00110001 00000000
00110010 00000000
00110011 00000000
00110100 00000000
00110101 00000000
00110110 00000000
00110111 00000000
00111000 00000000
00111001 00000000
00111010 00000000
00111011 00000000
00111100 00000000
00111101 00000000
00111110 00000000
00111111 00000000
00001100 01000000
00010100 01010000
00011100 01011000
00100100 01111000
00101100 01001000
00000000 00000000
00000001 00000000
00000010 01000100
00000011 00000000
00000101 01000000
00000110 01111000
00000111 01011000
