10000000 00000010
10000001 00000010
10000010 00000010
10000011 00000010
10000100 00000010
10000101 00000010
10000110 00000010
10000111 00000010
10001000 00000010
10001001 00000010
10001010 00000010
10001011 00000010
10001100 00000010
10001101 00000010
10001110 00000010
10001111 00000010
10010000 00000010
10010001 00000010
10010010 00000010
10010011 00000010
10010100 00000010
10010101 00000010
10010110 00000010
10010111 00000010
10011000 00000010
10011001 00000010
10011010 00000010
10011011 00000010
10011100 00000010
10011101 00000010
10011110 00000010
10011111 00000010
10100000 00000010
10100001 00000010
10100010 00000010
10100011 00000010
10100100 00000010
10100101 00000010
10100110 00000010
10100111 00000010
10101000 00000010
10101001 00000010
10101010 00000010
10101011 00000010
10101100 00000010
10101101 00000010
10101110 00000010
10101111 00000010
10110000 00000010
10110001 00000010
10110010 00000010
10110011 00000010
10110100 00000010
10110101 00000010
10110110 00000010
10110111 00000010
10111000 00000010
10111001 00000010
10111010 00000010
10111011 00000010
10111100 00000010
10111101 00000010
10111110 00000010
10111111 00000010
11000000 00000010
11000001 00000010
11000010 00000010
11000011 00000010
11000100 00000010
11000101 00000010
11000110 00000010
11000111 00000010
11001000 00000010
11001001 00000010
11001010 00000010
11001011 00000010
11001100 00000010
11001101 00000010
11001110 00000010
11001111 00000010
11010000 00000010
11010001 00000010
11010010 00000010
11010011 00000010
11010100 00000010
11010101 00000010
11010110 00000010
11010111 00000010
11011000 00000010
11011001 00000010
11011010 00000010
11011011 00000010
11011100 00000010
11011101 00000010
11011110 00000010
11011111 00000010
11100000 00000010
11100001 00000010
11100010 00000010
11100011 00000010
11100100 00000010
11100101 00000010
11100110 00000010
11100111 00000010
11101000 00000010
11101001 00000010
11101010 00000010
11101011 00000010
11101100 00000010
11101101 00000010
11101110 00000010
11101111 00000010
11110000 00000010
11110001 00000010
11110010 00000010
11110011 00000010
11110100 00000010
11110101 00000010
11110110 00000010
11110111 00000010
11111000 00000010
11111001 00000010
11111010 00000010
11111011 00000010
11111100 00000010
11111101 00000010
11111110 00000010
11111111 00000010
01000001 00001010
01000010 00010010
01000011 00011010
01000100 00100010
01000101 00101010
01000110 00110010
01000111 00111010
01001000 00000010
01001010 00010010
01001011 00011010
01001100 00100010
01001101 00101010
01001110 00110010
01001111 00111010
01010000 00000010
01010001 00001010
01010011 00011010
01010100 00100010
01010101 00101010
01010110 00110010
01010111 00111010
01011000 00000010
01011001 00001010
01011010 00010010
01011011 00011010
01011100 00100010
01011101 00101010
01011110 00110010
01011111 00111010
01101000 00000010
01101001 00001010
01101010 00010010
01101011 00011010
01101100 00100010
01101101 00101010
01101110 00110010
01101111 00111010
01110000 00000010
01110001 00001010
01110010 00010010
01110011 00011010
01110100 00100010
01110101 00101010
01110110 00110010
01110111 00111010
01111000 00000010
01111001 00001010
01111010 00010010
01111011 00011010
01111100 00100010
01111101 00101010
01111110 00110010
01000000 00000100
01001001 00000100
01010010 00000100
01111111 00000100
00000100 00000100
01100000 00000000
01100001 00000000
01100010 00000000
01100011 00000000
01100100 00000000
01100101 00000000
01100110 00000000
01100111 00000000
00001000 01000100
00001001 01000100
00001010 01000100
00001011 01000100
00001101 01000100
00001110 01000100
00001111 01000100
00010000 01000100
00010001 01000100
00010010 01000100
00010011 01000100
00010101 01000100
00010110 01000100
00010111 01000100
00011000 01000100
00011001 01000100
00011010 01000100
00011011 01000100
00011101 01000100
00011110 01000100
00011111 01000100
00100000 01000100
00100001 01000100
00100010 01000100
00100011 01000100
00100101 01000100
00100110 01000100
00100111 01000100
00101000 00000100
00101001 00000100
00101010 00000100
00101011 00000100
00101101 00000100
00101110 00000100
00101111 00000100
00110000 10000100
00110001 10000100
00110010 10000100
00110011 10000100
00110100 10000100
00110101 10000100
00110110 10000100
00110111 10000100
00111000 10000100
00111001 10000100
00111010 10000100
00111011 10000100
00111100 10000100
00111101 10000100
00111110 10000100
00111111 10000100
00001100 00000100
00010100 00000100
00011100 00000100
00100100 00000100
00101100 00000100
00000000 00000000
00000001 00000000
00000010 00000010
00000011 00011010
00000101 01000000
00000110 01000000
00000111 01000000
