10000000 00000100
10000001 00000100
10000010 00000100
10000011 00000100
10000100 00000100
10000101 00000100
10000110 00000100
10000111 00000100
10001000 00000100
10001001 00000100
10001010 00000100
10001011 00000100
10001100 00000100
10001101 00000100
10001110 00000100
10001111 00000100
10010000 00000100
10010001 00000100
10010010 00000100
10010011 00000100
10010100 00000100
10010101 00000100
10010110 00000100
10010111 00000100
10011000 00000100
10011001 00000100
10011010 00000100
10011011 00000100
10011100 00000100
10011101 00000100
10011110 00000100
10011111 00000100
10100000 00000100
10100001 00000100
10100010 00000100
10100011 00000100
10100100 00000100
10100101 00000100
10100110 00000100
10100111 00000100
10101000 00000100
10101001 00000100
10101010 00000100
10101011 00000100
10101100 00000100
10101101 00000100
10101110 00000100
10101111 00000100
10110000 00000100
10110001 00000100
10110010 00000100
10110011 00000100
10110100 00000100
10110101 00000100
10110110 00000100
10110111 00000100
10111000 00000100
10111001 00000100
10111010 00000100
10111011 00000100
10111100 00000100
10111101 00000100
10111110 00000100
10111111 00000100
11000000 00000100
11000001 00000100
11000010 00000100
11000011 00000100
11000100 00000100
11000101 00000100
11000110 00000100
11000111 00000100
11001000 00000100
11001001 00000100
11001010 00000100
11001011 00000100
11001100 00000100
11001101 00000100
11001110 00000100
11001111 00000100
11010000 00000100
11010001 00000100
11010010 00000100
11010011 00000100
11010100 00000100
11010101 00000100
11010110 00000100
11010111 00000100
11011000 00000100
11011001 00000100
11011010 00000100
11011011 00000100
11011100 00000100
11011101 00000100
11011110 00000100
11011111 00000100
11100000 00000100
11100001 00000100
11100010 00000100
11100011 00000100
11100100 00000100
11100101 00000100
11100110 00000100
11100111 00000100
11101000 00000100
11101001 00000100
11101010 00000100
11101011 00000100
11101100 00000100
11101101 00000100
11101110 00000100
11101111 00000100
11110000 00000100
11110001 00000100
11110010 00000100
11110011 00000100
11110100 00000100
11110101 00000100
11110110 00000100
11110111 00000100
11111000 00000100
11111001 00000100
11111010 00000100
11111011 00000100
11111100 00000100
11111101 00000100
11111110 00000100
11111111 00000100
01000000 01100100
01000001 01100100
01000010 01100100
01000011 01100100
01000100 01100100
01000101 01100100
01000110 01100100
01000111 01100100
01001000 01100100
01001001 01100100
01001010 01100100
01001011 01100100
01001100 01100100
01001101 01100100
01001110 01100100
01001111 01100100
01010000 01100100
01010001 01100100
01010010 01100100
01010011 01100100
01010100 01100100
01010101 01100100
01010110 01100100
01010111 01100100
01011000 01100100
01011001 01100100
01011010 01100100
01011011 01100100
01011100 01100100
01011101 01100100
01011110 01100100
01011111 01100100
01100000 01100100
01100001 01100100
01100010 01100100
01100011 01100100
01100100 01100100
01100101 01100100
01100110 01100100
01100111 01100100
01101000 01100100
01101001 01100100
01101010 01100100
01101011 01100100
01101100 01100100
01101101 01100100
01101110 01100100
01101111 01100100
01110000 01100100
01110001 01100100
01110010 01100100
01110011 01100100
01110100 01100100
01110101 01100100
01110110 01100100
01110111 01100100
01111000 01100100
01111001 01100100
01111010 01100100
01111011 01100100
01111100 01100100
01111101 01100100
01111110 01100100
01111111 01100100
00100000 01000110
00100001 01000110
00100010 01000110
00100011 01000110
00100100 01000110
00100101 01000110
00100110 01000110
00100111 01000110
00110000 11000110
00110001 11000110
00110010 11000110
00110011 11000110
00110100 11000110
00110101 11000110
00110110 11000110
00110111 11000110
00101000 01000111
00101001 01000111
00101010 01000111
00101011 01000111
00101100 01000111
00101101 01000111
00101110 01000111
00101111 01000111
00111000 11000111
00111001 11000111
00111010 11000111
00111011 11000111
00111100 11000111
00111101 11000111
00111110 11000111
00111111 11000111
00010000 01000110
00010001 01000110
00010010 01000110
00010011 01000110
00010100 01000110
00010101 01000110
00010110 01000110
00010111 01000110
00011000 00010110
00011001 00010110
00011010 00010110
00011011 00010110
00011100 00010110
00011101 00010110
00011110 00010110
00011111 00010110
00001000 00001100
00001001 00001100
00001010 00001100
00001011 00001100
00001100 00001100
00001101 00001100
00001110 00001100
00001111 00001100
00000100 00000101
00000101 00000101
00000110 00000101
00000111 00000101
00000010 00000000
00000011 01100100
00000001 00000000
00000000 00000100
